0 0 0.297073729252 
0 0 1.0032639035 
0 0 0.370915336665 
0 0 3.51240569151 
0 0 3.12540404463 
0 0 0.715717272466 
0 1 -0.342752962127 
0 1 -0.325620276667 
0 0 1.17660721386 
0 0 3.00726225513 
0 0 1.40856598744 
0 0 1.58963887956 
0 0 3.9898208555 
0 0 1.49334870109 
0 1 -0.02265148834 
0 0 1.24439860636 
0 0 0.94955602322 
0 0 3.66459171587 
0 1 -0.25422743253 
0 0 1.92806424383 
0 0 0.748210518423 
0 0 0.482957570712 
0 0 1.90046903097 
0 0 0.292108142972 
0 0 0.337126278591 
0 0 1.0455492145 
0 0 1.35552991427 
0 0 0.0367085245475 
0 0 1.14567450903 
0 0 3.10034842791 
0 0 0.772709771816 
0 0 0.577214101395 
0 0 1.31257111589 
0 0 2.23294707007 
0 0 1.54967226294 
0 0 1.65067349039 
0 0 3.36582750436 
0 0 2.08553439368 
0 0 0.250128685608 
0 0 1.21535966025 
0 0 2.26863865862 
0 0 1.46496366701 
0 0 1.38185050776 
0 0 2.32011576605 
0 0 0.289561952848 
0 0 0.603280165195 
0 0 1.23768920815 
0 0 2.96068668843 
0 1 -0.369352894136 
0 0 2.38821157673 
0 0 0.220029732536 
0 0 0.220029732536 
0 0 0.220029732536 
0 0 0.220029732536 
0 1 -0.0312416231843 
0 0 0.220029732536 
0 0 3.25787315318 
0 0 4.04302988064 
0 0 0.857515952695 
0 0 0.146951183062 
0 0 0.839665768466 
0 0 1.39962288176 
0 1 -0.03881942949 
0 0 1.82734080199 
0 0 3.11614961441 
0 1 -0.416003297153 
0 0 3.34656139101 
0 0 0.159489066926 
0 0 0.249443739966 
0 0 1.04702103821 
0 0 1.96596276181 
0 0 1.18647808372 
0 1 -0.0741080314505 
0 0 0.44052265619 
0 0 0.825308346838 
0 0 0.710966634766 
0 0 0.319610070851 
0 0 1.13498766043 
0 0 2.50094642003 
0 0 2.41027551742 
0 0 0.68927047273 
0 0 1.67811643751 
0 0 1.17978019596 
0 0 0.764458987681 
0 0 1.17417726407 
0 0 0.639529195073 
0 0 0.644631273695 
0 0 1.27050613733 
0 0 0.226438602663 
0 0 0.981653031093 
0 1 -0.0164699117851 
0 0 0.417382716293 
0 0 0.0568158290768 
0 0 3.56811457685 
0 0 1.52821470244 
0 0 0.557094467419 
0 0 0.0563046555137 
0 0 1.0741697968 
0 0 0.924057283602 
0 0 0.926182450204 
1 1 -0.0699031253419 
1 1 -0.530956295906 
1 1 -1.53190305935 
1 1 -2.01685844814 
1 1 -0.623339582908 
1 1 -0.540651924085 
1 1 -0.552656252122 
1 1 -2.30891760067 
1 1 -0.827149793846 
1 1 -1.35999107097 
1 1 -1.1887965748 
1 1 -0.680517096573 
1 1 -0.524080529683 
1 1 -0.313444171615 
1 1 -1.08863426943 
1 1 -1.15289743523 
1 1 -0.485235451424 
1 1 -0.504638610149 
1 1 -2.56193445519 
1 1 -0.806657846802 
1 1 -1.5542423842 
1 1 -0.0511878407635 
1 1 -0.87287789054 
1 1 -0.815553897157 
1 1 -3.26894896305 
1 1 -0.93934417551 
1 1 -1.80736447769 
1 1 -1.39972652527 
1 1 -3.71367936967 
1 1 -0.873802937721 
1 0 0.130366623368 
1 1 -0.421446255558 
1 1 -0.27998427793 
1 0 0.541759764074 
1 1 -1.18894622976 
1 1 -1.45717167794 
1 1 -4.14991179903 
1 1 -0.591040287987 
1 1 -1.17557730079 
1 1 -1.47737330968 
1 1 -2.25107474138 
1 1 -1.70767183709 
1 1 -1.43456865896 
1 1 -4.44318064164 
1 0 0.219269895456 
1 1 -2.05999303097 
1 1 -1.42204719888 
1 1 -2.23484326782 
1 1 -2.20893746796 
1 0 0.13896870599 
1 1 -1.2687772858 
1 1 -0.708512566361 
1 1 -0.0443421778026 
1 1 -1.63446490126 
1 1 -1.40072595537 
1 1 -2.11497728026 
1 1 -1.06465966163 
1 1 -1.93152188935 
1 1 -3.62323180184 
1 1 -1.2389389131 
1 1 -2.41277149704 
1 1 -0.837740030751 
1 1 -1.359216429 
1 1 -1.08006473162 
1 1 -2.33723796995 
1 1 -1.24745599895 
1 1 -2.02592398592 
1 1 -0.953424890934 
1 1 -0.808719180983 
1 1 -1.52692643221 
1 1 -2.28739461478 
1 1 -0.467941823435 
1 1 -0.727928476954 
1 1 -2.95223247334 
1 1 -0.62031146109 
1 1 -0.661353955081 
1 1 -0.652693486554 
1 1 -1.75359780388 
1 1 -1.26605399574 
1 1 -1.27012318758 
1 1 -1.04160880317 
1 1 -0.0429721366675 
1 1 -0.854513361073 
1 1 -1.77301336164 
1 1 -1.76895978839 
1 1 -2.1485783007 
1 1 -2.65394155636 
1 1 -2.06949045593 
1 1 -0.299049013406 
1 1 -0.233935197471 
1 1 -0.455375813481 
1 1 -0.364041974756 
1 1 -2.12526866706 
1 1 -0.344800462851 
1 1 -0.355895926237 
1 0 0.0104459027128 
1 1 -0.150787190154 
1 0 0.0316918762389 
1 1 -0.652301285178 
1 1 -1.47196429584 
