0 0 0.0111642 
0 0 0.0111642 
0 0 0.0111642 
0 0 0.0111642 
0 0 0.0111642 
0 0 0.0111642 
0 0 0.0111642 
0 0 0.011164214991 
0 0 0.0111642 
0 0 0.0111642 
0 0 0.0111642 
0 0 0.0111642 
0 0 0.0111642 
0 0 0.0111642 
0 0 0.0111642 
0 0 0.0111642 
0 0 0.0111642 
0 0 0.0111642 
0 0 0.0111642 
0 0 0.0111642 
0 0 0.0111642 
0 0 0.0111642 
0 0 0.0111642 
0 0 0.0111642 
0 0 0.0111642 
0 0 0.0111642 
0 0 0.0111642 
0 0 0.0111642 
0 0 0.0111642 
0 0 0.0111642 
0 0 0.999859422374 
0 0 0.0111642 
0 0 0.0111642 
0 0 0.0111642 
0 0 0.0111642 
0 0 0.0111642 
0 0 0.0111642 
0 0 0.0111642 
0 0 0.0111642 
0 0 0.0111642 
0 0 0.0111642 
0 0 0.0111642 
0 0 0.610974980214 
0 0 0.0111642 
0 0 0.0111642 
0 0 0.0111642 
0 0 0.0111642 
0 0 0.0111642 
0 1 -0.0665936099331 
0 0 0.0111642 
0 0 0.0111642 
0 0 0.0111642 
0 0 0.0111642 
0 0 0.0111642 
0 0 0.0111642 
0 0 0.0111642 
0 0 0.0111642 
0 0 0.0111642 
0 0 0.0111642 
0 0 0.0111642 
0 0 0.0111642 
0 0 0.0111642 
0 0 0.0111642 
0 0 0.0111642 
0 0 0.0111642 
0 0 0.0111642000226 
0 0 0.0111642 
0 0 0.0111642 
0 0 0.0111642 
0 0 0.0111642 
0 0 0.0111642 
0 0 0.0111642 
0 0 0.0111642 
0 0 0.0111642 
0 0 0.0111642 
0 0 0.0111642 
0 0 0.0111642 
0 0 0.0111642 
0 0 0.0111642 
0 0 0.0111642 
0 0 0.0111642 
0 0 0.0111642 
0 0 0.0111642 
0 0 0.0111642 
0 0 0.0111642 
0 0 0.0111642 
0 0 0.0111642 
0 0 0.0111642 
0 0 0.0111642 
0 0 0.0111642 
0 0 0.0111642 
0 0 0.0111642 
0 0 0.0111642 
0 0 0.0111642 
0 0 0.0111642 
0 0 0.0111642 
0 0 0.0111642 
0 0 0.0111642 
0 0 0.0111642 
0 0 0.0111642 
1 0 0.0111642 
1 0 0.0111642 
1 0 0.0111642 
1 0 0.0111642 
1 0 0.0111642 
1 0 0.0111642 
1 0 0.0111642 
1 0 0.0111642 
1 0 0.0111642 
1 0 0.0111642 
1 0 0.0111642 
1 0 0.0111642 
1 0 0.0111642 
1 0 0.0111642 
1 0 0.0111642 
1 0 0.0111642 
1 0 0.0111642 
1 1 -0.124898554421 
1 0 0.0111642 
1 0 0.0111642 
1 0 0.0111642 
1 0 0.0111642 
1 0 0.0111642 
1 0 0.0111642 
1 0 0.0111642 
1 0 0.0111642 
1 0 0.0111642 
1 0 0.0111642 
1 0 0.0111642 
1 0 0.0111642 
1 0 0.0111642 
1 0 0.0111642 
1 0 0.0111642 
1 0 0.0111642 
1 0 0.0111642 
1 0 0.0111642 
1 0 0.0111642 
1 0 0.0111642 
1 0 0.0111642 
1 0 0.0111642 
1 0 0.0111642 
1 0 0.0111642 
1 0 0.0111642 
1 0 0.0111642 
1 0 0.0111642 
1 0 0.0111642 
1 0 0.0111642 
1 0 0.0111642 
1 0 0.0111642 
1 0 0.0111642 
1 0 0.0111642 
1 0 0.0111642 
1 0 0.0111642 
1 0 0.0111642 
1 0 0.0111642 
1 0 0.0111642 
1 0 0.0111642 
1 0 0.0111642 
1 0 0.0111642 
1 0 0.0111642 
1 0 0.0111642 
1 0 0.0111642 
1 0 0.0111642 
1 0 0.0111642 
1 0 0.0111642 
1 0 0.0111642 
1 0 0.0111642 
1 0 0.0111642 
1 0 0.0111642 
1 0 0.0111642 
1 0 0.0111642 
1 0 0.0111642 
1 0 0.0111642 
1 0 0.0111642 
1 0 0.0111642 
1 0 0.0111642 
1 0 0.0111642 
1 0 0.0111642 
1 0 0.0111642 
1 0 0.0111642 
1 0 0.0111642 
1 0 0.0111642 
1 0 0.0111642 
1 0 0.0111642 
1 0 0.0111642 
1 0 0.0111642 
1 0 0.0111642 
1 0 0.0111642 
1 0 0.0111642 
1 0 0.0111642150599 
1 0 0.0111642 
1 0 0.0111642 
1 0 0.0111642 
1 0 0.0111642 
1 0 0.0111642 
1 0 0.0111642 
1 0 0.0111642 
1 0 0.0111642 
1 0 5.51425404642e-05 
1 0 0.0111642 
